MEME version 4

ALPHABET= ACGT

strands: + -

Background letter frequencies (from uniform background):
A 0.25000 C 0.25000 G 0.25000 T 0.25000 

MOTIF Abf1_murphy Abf1_murphy

letter-probability matrix: alength= 4 w= 14 nsites= 20 E= 0
  0.587400	  0.009100	  0.398500	  0.005000	
  0.003500	  0.004300	  0.037100	  0.955100	
  0.027900	  0.964200	  0.003600	  0.004300	
  0.886600	  0.029300	  0.072900	  0.011200	
  0.009100	  0.647700	  0.010500	  0.332700	
  0.333700	  0.201800	  0.331600	  0.132900	
  0.039400	  0.420000	  0.021300	  0.519300	
  0.068100	  0.421600	  0.430800	  0.079500	
  0.062400	  0.431100	  0.442000	  0.064500	
  0.179600	  0.641400	  0.046300	  0.132700	
  0.986400	  0.002300	  0.004900	  0.006400	
  0.006300	  0.985700	  0.003900	  0.004100	
  0.011000	  0.001300	  0.979500	  0.008200	
  0.844400	  0.008100	  0.106800	  0.040700	

MOTIF Abf2_badis Abf2_badis

letter-probability matrix: alength= 4 w= 6 nsites= 20 E= 0
  0.089300	  0.089300	  0.017900	  0.803500	
  0.010000	  0.970000	  0.010000	  0.010000	
  0.010000	  0.010000	  0.010000	  0.970000	
  0.970000	  0.010000	  0.010000	  0.010000	
  0.010000	  0.010000	  0.970000	  0.010000	
  0.946400	  0.017900	  0.017900	  0.017800	

MOTIF Ace2_badis Ace2_badis

letter-probability matrix: alength= 4 w= 9 nsites= 20 E= 0
  0.572700	  0.014400	  0.307800	  0.105100	
  0.927900	  0.014100	  0.055400	  0.002600	
  0.003100	  0.990100	  0.003600	  0.003200	
  0.004400	  0.990300	  0.001100	  0.004200	
  0.965900	  0.030200	  0.000700	  0.003200	
  0.006000	  0.001400	  0.989300	  0.003300	
  0.001100	  0.989100	  0.002300	  0.007500	
  0.920300	  0.015100	  0.057700	  0.006900	
  0.033400	  0.736200	  0.114400	  0.116000	

MOTIF Adr1_badis Adr1_badis

letter-probability matrix: alength= 4 w= 6 nsites= 20 E= 0
  0.010000	  0.970000	  0.010000	  0.010000	
  0.010000	  0.843400	  0.010000	  0.136600	
  0.010000	  0.970000	  0.010000	  0.010000	
  0.010000	  0.970000	  0.010000	  0.010000	
  0.642100	  0.059800	  0.202800	  0.095300	
  0.341300	  0.505600	  0.060000	  0.093100	

MOTIF Aft1_zhu Aft1_zhu

letter-probability matrix: alength= 4 w= 10 nsites= 20 E= 0
  0.136900	  0.078600	  0.142800	  0.641700	
  0.716600	  0.025200	  0.031600	  0.226600	
  0.145200	  0.031000	  0.288700	  0.535100	
  0.034300	  0.047900	  0.039200	  0.878600	
  0.160800	  0.010100	  0.812400	  0.016700	
  0.011000	  0.966900	  0.011200	  0.010900	
  0.961100	  0.009200	  0.015500	  0.014200	
  0.008300	  0.972100	  0.009100	  0.010500	
  0.025000	  0.955900	  0.002300	  0.016800	
  0.019700	  0.740600	  0.013800	  0.225900	

MOTIF Aft2_badis Aft2_badis

letter-probability matrix: alength= 4 w= 6 nsites= 20 E= 0
  0.687000	  0.010000	  0.293000	  0.010000	
  0.010000	  0.970000	  0.010000	  0.010000	
  0.970000	  0.010000	  0.010000	  0.010000	
  0.010000	  0.970000	  0.010000	  0.010000	
  0.010000	  0.970000	  0.010000	  0.010000	
  0.010000	  0.970000	  0.010000	  0.010000	

MOTIF Aro80_zhu Aro80_zhu

letter-probability matrix: alength= 4 w= 8 nsites= 20 E= 0
  0.040300	  0.744100	  0.030500	  0.185100	
  0.005800	  0.231900	  0.009000	  0.753300	
  0.005000	  0.987900	  0.001200	  0.005900	
  0.001600	  0.022300	  0.975000	  0.001100	
  0.001800	  0.005600	  0.990200	  0.002400	
  0.015200	  0.359300	  0.295900	  0.329600	
  0.670900	  0.004200	  0.006400	  0.318500	
  0.690400	  0.068400	  0.060200	  0.181000	

MOTIF Asg1_zhu Asg1_zhu

letter-probability matrix: alength= 4 w= 15 nsites= 20 E= 0
  0.052100	  0.852500	  0.024300	  0.071100	
  0.019000	  0.891500	  0.082000	  0.007500	
  0.007900	  0.096100	  0.876500	  0.019500	
  0.048100	  0.073100	  0.838400	  0.040400	
  0.234100	  0.419900	  0.284900	  0.061100	
  0.264200	  0.503900	  0.062300	  0.169600	
  0.040400	  0.062300	  0.651400	  0.245900	
  0.483200	  0.066000	  0.217900	  0.232900	
  0.058500	  0.073100	  0.645500	  0.222900	
  0.351100	  0.055700	  0.083300	  0.509900	
  0.108800	  0.317600	  0.143900	  0.429700	
  0.040400	  0.838400	  0.073100	  0.048100	
  0.019500	  0.876500	  0.096100	  0.007900	
  0.007600	  0.082000	  0.891500	  0.018900	
  0.071200	  0.024300	  0.852500	  0.052000	

MOTIF Azf1_badis Azf1_badis

letter-probability matrix: alength= 4 w= 9 nsites= 20 E= 0
  0.625000	  0.125000	  0.125000	  0.125000	
  0.970000	  0.010000	  0.010000	  0.010000	
  0.970000	  0.010000	  0.010000	  0.010000	
  0.865000	  0.115000	  0.010000	  0.010000	
  0.740000	  0.010000	  0.240000	  0.010000	
  0.010000	  0.010000	  0.970000	  0.010000	
  0.781200	  0.156200	  0.031200	  0.031400	
  0.812500	  0.062500	  0.062500	  0.062500	
  0.625000	  0.125000	  0.125000	  0.125000	

MOTIF Bas1_zhu Bas1_zhu

letter-probability matrix: alength= 4 w= 12 nsites= 20 E= 0
  0.455300	  0.051800	  0.370800	  0.122100	
  0.248400	  0.034600	  0.671000	  0.046000	
  0.098800	  0.724800	  0.143100	  0.033300	
  0.052900	  0.918500	  0.007900	  0.020700	
  0.348100	  0.346600	  0.280900	  0.024400	
  0.012500	  0.003400	  0.977300	  0.006800	
  0.967000	  0.005100	  0.023100	  0.004800	
  0.026800	  0.006500	  0.962400	  0.004300	
  0.009100	  0.010400	  0.005000	  0.975500	
  0.047300	  0.930200	  0.007200	  0.015300	
  0.892000	  0.042600	  0.016200	  0.049200	
  0.487300	  0.123000	  0.320900	  0.068800	

MOTIF Cad1_murphy Cad1_murphy

letter-probability matrix: alength= 4 w= 11 nsites= 20 E= 0
  0.086400	  0.179600	  0.670200	  0.063800	
  0.717600	  0.233200	  0.023300	  0.025900	
  0.015200	  0.008800	  0.005900	  0.970100	
  0.013500	  0.007000	  0.126900	  0.852600	
  0.908400	  0.008300	  0.010000	  0.073300	
  0.015900	  0.410200	  0.507000	  0.066900	
  0.073300	  0.010000	  0.008300	  0.908400	
  0.852600	  0.126900	  0.007000	  0.013500	
  0.970000	  0.005900	  0.008800	  0.015300	
  0.025900	  0.023300	  0.233200	  0.717600	
  0.326100	  0.548000	  0.052100	  0.073800	

MOTIF Cat8_badis Cat8_badis

letter-probability matrix: alength= 4 w= 5 nsites= 20 E= 0
  0.010000	  0.970000	  0.010000	  0.010000	
  0.010000	  0.970000	  0.010000	  0.010000	
  0.010000	  0.010000	  0.970000	  0.010000	
  0.010000	  0.010000	  0.970000	  0.010000	
  0.659000	  0.123000	  0.208000	  0.010000	

MOTIF Cbf1_zhu Cbf1_zhu

letter-probability matrix: alength= 4 w= 6 nsites= 20 E= 0
  0.032000	  0.962600	  0.001900	  0.003500	
  0.972900	  0.006800	  0.011000	  0.009300	
  0.000800	  0.923700	  0.012500	  0.063000	
  0.063000	  0.012500	  0.923700	  0.000800	
  0.009300	  0.011000	  0.006800	  0.972900	
  0.003500	  0.001900	  0.962600	  0.032000	

MOTIF Cep3_badis Cep3_badis

letter-probability matrix: alength= 4 w= 7 nsites= 20 E= 0
  0.039500	  0.565800	  0.039500	  0.355200	
  0.010000	  0.010000	  0.010000	  0.970000	
  0.010000	  0.970000	  0.010000	  0.010000	
  0.010000	  0.010000	  0.970000	  0.010000	
  0.010000	  0.010000	  0.970000	  0.010000	
  0.907900	  0.013200	  0.013200	  0.065700	
  0.921100	  0.026300	  0.026300	  0.026300	

MOTIF Cha4_zhu Cha4_zhu

letter-probability matrix: alength= 4 w= 9 nsites= 20 E= 0
  0.697000	  0.049400	  0.066300	  0.187300	
  0.420500	  0.068600	  0.033000	  0.477900	
  0.101100	  0.555800	  0.065600	  0.277500	
  0.004600	  0.155900	  0.023700	  0.815800	
  0.004800	  0.986300	  0.003800	  0.005100	
  0.003500	  0.984200	  0.009500	  0.002800	
  0.024400	  0.008700	  0.963400	  0.003500	
  0.010200	  0.953700	  0.017500	  0.018600	
  0.160600	  0.725000	  0.017100	  0.097300	

MOTIF Cin5_murphy Cin5_murphy

letter-probability matrix: alength= 4 w= 11 nsites= 20 E= 0
  0.529700	  0.398100	  0.046100	  0.026100	
  0.013600	  0.003100	  0.016100	  0.967200	
  0.013800	  0.008700	  0.047000	  0.930500	
  0.976200	  0.006500	  0.009000	  0.008300	
  0.006200	  0.873100	  0.013700	  0.107000	
  0.107100	  0.013700	  0.873100	  0.006100	
  0.008300	  0.009000	  0.006500	  0.976200	
  0.930500	  0.047000	  0.008700	  0.013800	
  0.967200	  0.016100	  0.003100	  0.013600	
  0.044200	  0.060400	  0.543100	  0.352300	
  0.269000	  0.561100	  0.090500	  0.079400	

MOTIF Crz1_badis Crz1_badis

letter-probability matrix: alength= 4 w= 13 nsites= 20 E= 0
  0.549900	  0.030600	  0.364200	  0.055300	
  0.032300	  0.951700	  0.004200	  0.011800	
  0.048500	  0.043200	  0.002400	  0.905900	
  0.711100	  0.250900	  0.026600	  0.011400	
  0.965000	  0.030700	  0.001200	  0.003100	
  0.002000	  0.002500	  0.993200	  0.002300	
  0.002400	  0.992200	  0.003700	  0.001700	
  0.003700	  0.990200	  0.003200	  0.002900	
  0.411300	  0.408500	  0.006800	  0.173400	
  0.021000	  0.955700	  0.004700	  0.018600	
  0.115400	  0.488300	  0.137100	  0.259200	
  0.087700	  0.498900	  0.057100	  0.356300	
  0.070900	  0.112500	  0.074100	  0.742500	

MOTIF Cst6_murphy Cst6_murphy

letter-probability matrix: alength= 4 w= 10 nsites= 20 E= 0
  0.615600	  0.119300	  0.210500	  0.054600	
  0.008600	  0.019400	  0.001800	  0.970200	
  0.002800	  0.003500	  0.763000	  0.230700	
  0.977300	  0.001200	  0.007200	  0.014300	
  0.000900	  0.849300	  0.002600	  0.147200	
  0.147200	  0.002600	  0.849300	  0.000900	
  0.014300	  0.007200	  0.001200	  0.977300	
  0.230800	  0.763000	  0.003500	  0.002700	
  0.970200	  0.001800	  0.019400	  0.008600	
  0.011100	  0.427700	  0.034600	  0.526600	

MOTIF Cup9_badis Cup9_badis

letter-probability matrix: alength= 4 w= 11 nsites= 20 E= 0
  0.729100	  0.010800	  0.024400	  0.235700	
  0.791400	  0.001500	  0.003600	  0.203500	
  0.026100	  0.003700	  0.007100	  0.963100	
  0.020800	  0.013800	  0.964500	  0.000900	
  0.001900	  0.022200	  0.002000	  0.973900	
  0.001500	  0.003200	  0.987400	  0.007900	
  0.016300	  0.011100	  0.003000	  0.969600	
  0.010100	  0.984700	  0.002000	  0.003200	
  0.918900	  0.014600	  0.020300	  0.046200	
  0.591500	  0.150200	  0.035100	  0.223200	
  0.633100	  0.205600	  0.077300	  0.084000	

MOTIF Dal80_badis Dal80_badis

letter-probability matrix: alength= 4 w= 7 nsites= 20 E= 0
  0.111100	  0.666700	  0.055600	  0.166600	
  0.010000	  0.010000	  0.970000	  0.010000	
  0.970000	  0.010000	  0.010000	  0.010000	
  0.010000	  0.010000	  0.010000	  0.970000	
  0.970000	  0.010000	  0.010000	  0.010000	
  0.902800	  0.013900	  0.013900	  0.069400	
  0.027800	  0.194400	  0.750000	  0.027800	

MOTIF Dal82_badis Dal82_badis

letter-probability matrix: alength= 4 w= 10 nsites= 20 E= 0
  0.484800	  0.021600	  0.380500	  0.113100	
  0.918200	  0.021600	  0.033800	  0.026400	
  0.880400	  0.019700	  0.034000	  0.065900	
  0.295700	  0.021700	  0.023700	  0.658900	
  0.083600	  0.495800	  0.131500	  0.289100	
  0.193600	  0.121900	  0.072400	  0.612100	
  0.024900	  0.014700	  0.952000	  0.008400	
  0.007200	  0.969000	  0.003700	  0.020100	
  0.016400	  0.004100	  0.969600	  0.009900	
  0.011000	  0.874600	  0.028000	  0.086400	

MOTIF Ecm22_murphy Ecm22_murphy

letter-probability matrix: alength= 4 w= 10 nsites= 20 E= 0
  0.043800	  0.592000	  0.211700	  0.152500	
  0.013400	  0.752800	  0.175300	  0.058500	
  0.000800	  0.037900	  0.001300	  0.960000	
  0.002300	  0.994000	  0.001500	  0.002200	
  0.001600	  0.000700	  0.990000	  0.007700	
  0.000300	  0.009300	  0.003300	  0.987100	
  0.742100	  0.000400	  0.002500	  0.255000	
  0.010100	  0.088800	  0.000300	  0.900800	
  0.976300	  0.009300	  0.013100	  0.001300	
  0.658600	  0.078100	  0.236400	  0.026900	

MOTIF Ecm23_badis Ecm23_badis

letter-probability matrix: alength= 4 w= 11 nsites= 20 E= 0
  0.957900	  0.002100	  0.037600	  0.002400	
  0.007000	  0.003600	  0.988300	  0.001100	
  0.989000	  0.002700	  0.002000	  0.006300	
  0.005700	  0.001400	  0.002700	  0.990200	
  0.003800	  0.989800	  0.002600	  0.003800	
  0.001200	  0.019900	  0.003800	  0.975100	
  0.125500	  0.060000	  0.305200	  0.509300	
  0.113900	  0.199400	  0.586200	  0.100500	
  0.696900	  0.108900	  0.170800	  0.023400	
  0.130000	  0.122100	  0.092300	  0.655600	
  0.457900	  0.410100	  0.037000	  0.095000	

MOTIF Fhl1_zhu Fhl1_zhu

letter-probability matrix: alength= 4 w= 8 nsites= 20 E= 0
  0.046200	  0.098800	  0.837100	  0.017900	
  0.925600	  0.007000	  0.024500	  0.042900	
  0.003400	  0.984700	  0.002400	  0.009500	
  0.004500	  0.000800	  0.948700	  0.046000	
  0.007700	  0.986000	  0.002600	  0.003700	
  0.908000	  0.005700	  0.065600	  0.020700	
  0.648900	  0.210100	  0.047200	  0.093800	
  0.505600	  0.085600	  0.043800	  0.365000	

MOTIF Fkh1_zhu Fkh1_zhu

letter-probability matrix: alength= 4 w= 10 nsites= 20 E= 0
  0.119700	  0.146600	  0.133400	  0.600300	
  0.146700	  0.004400	  0.847100	  0.001800	
  0.007700	  0.003700	  0.001000	  0.987600	
  0.959400	  0.037800	  0.000900	  0.001900	
  0.977200	  0.011800	  0.001100	  0.009900	
  0.990100	  0.001300	  0.002700	  0.005900	
  0.001200	  0.925500	  0.001500	  0.071800	
  0.990700	  0.001400	  0.003200	  0.004700	
  0.874400	  0.039400	  0.016500	  0.069700	
  0.671400	  0.049500	  0.070900	  0.208200	

MOTIF Fkh2_zhu Fkh2_zhu

letter-probability matrix: alength= 4 w= 9 nsites= 20 E= 0
  0.179600	  0.004700	  0.813600	  0.002100	
  0.014600	  0.004300	  0.001000	  0.980100	
  0.950400	  0.047300	  0.000800	  0.001500	
  0.979700	  0.011400	  0.001000	  0.007900	
  0.986700	  0.001000	  0.002700	  0.009600	
  0.001800	  0.797800	  0.001300	  0.199100	
  0.989600	  0.001200	  0.003700	  0.005500	
  0.824000	  0.069700	  0.032500	  0.073800	
  0.684200	  0.025100	  0.106600	  0.184100	

MOTIF Fzf1_badis Fzf1_badis

letter-probability matrix: alength= 4 w= 6 nsites= 20 E= 0
  0.010000	  0.970000	  0.010000	  0.010000	
  0.010000	  0.010000	  0.010000	  0.970000	
  0.970000	  0.010000	  0.010000	  0.010000	
  0.010000	  0.010000	  0.010000	  0.970000	
  0.010000	  0.970000	  0.010000	  0.010000	
  0.970000	  0.010000	  0.010000	  0.010000	

MOTIF Gal4_zhu Gal4_zhu

letter-probability matrix: alength= 4 w= 19 nsites= 20 E= 0
  0.013800	  0.422900	  0.014000	  0.549300	
  0.004400	  0.982400	  0.004100	  0.009100	
  0.004300	  0.015900	  0.974600	  0.005200	
  0.008000	  0.002900	  0.978500	  0.010600	
  0.206000	  0.113700	  0.637500	  0.042800	
  0.250000	  0.250000	  0.250000	  0.250000	
  0.250000	  0.250000	  0.250000	  0.250000	
  0.250000	  0.250000	  0.250000	  0.250000	
  0.250000	  0.250000	  0.250000	  0.250000	
  0.250000	  0.250000	  0.250000	  0.250000	
  0.250000	  0.250000	  0.250000	  0.250000	
  0.250000	  0.250000	  0.250000	  0.250000	
  0.250000	  0.250000	  0.250000	  0.250000	
  0.250000	  0.250000	  0.250000	  0.250000	
  0.250000	  0.250000	  0.250000	  0.250000	
  0.010600	  0.978500	  0.002900	  0.008000	
  0.005200	  0.974600	  0.015900	  0.004300	
  0.009100	  0.004100	  0.982400	  0.004400	
  0.549300	  0.014000	  0.422900	  0.013800	

MOTIF Gat1_zhu Gat1_zhu

letter-probability matrix: alength= 4 w= 9 nsites= 20 E= 0
  0.007900	  0.457200	  0.244300	  0.290600	
  0.001500	  0.860300	  0.132700	  0.005500	
  0.003300	  0.003000	  0.002200	  0.991500	
  0.030300	  0.000500	  0.000900	  0.968300	
  0.992200	  0.001300	  0.004800	  0.001700	
  0.001900	  0.002400	  0.002200	  0.993500	
  0.002700	  0.992500	  0.001700	  0.003100	
  0.225600	  0.008500	  0.659700	  0.106200	
  0.021700	  0.315500	  0.427500	  0.235300	

MOTIF Gat3_zhu Gat3_zhu

letter-probability matrix: alength= 4 w= 9 nsites= 20 E= 0
  0.712400	  0.010800	  0.267100	  0.009700	
  0.022800	  0.002700	  0.973500	  0.001000	
  0.967500	  0.000300	  0.001800	  0.030400	
  0.162200	  0.001400	  0.000500	  0.835900	
  0.000400	  0.982500	  0.002300	  0.014800	
  0.000700	  0.070400	  0.001000	  0.927900	
  0.972400	  0.009100	  0.016300	  0.002200	
  0.075700	  0.882600	  0.019700	  0.022000	
  0.470600	  0.164500	  0.308000	  0.056900	

MOTIF Gat4_zhu Gat4_zhu

letter-probability matrix: alength= 4 w= 8 nsites= 20 E= 0
  0.017700	  0.135000	  0.031500	  0.815800	
  0.857400	  0.003300	  0.137600	  0.001700	
  0.016900	  0.002300	  0.978000	  0.002800	
  0.927900	  0.001000	  0.002100	  0.069000	
  0.069000	  0.002100	  0.001000	  0.927900	
  0.002900	  0.978000	  0.002300	  0.016800	
  0.001800	  0.137600	  0.003300	  0.857300	
  0.815800	  0.031500	  0.135000	  0.017700	

MOTIF Gcn4_zhu Gcn4_zhu

letter-probability matrix: alength= 4 w= 9 nsites= 20 E= 0
  0.535000	  0.035500	  0.413700	  0.015800	
  0.011200	  0.008500	  0.006400	  0.973900	
  0.002900	  0.005300	  0.934600	  0.057200	
  0.968100	  0.013700	  0.004500	  0.013700	
  0.002000	  0.433600	  0.562700	  0.001700	
  0.013800	  0.004500	  0.013700	  0.968000	
  0.057200	  0.934600	  0.005300	  0.002900	
  0.973900	  0.006400	  0.008500	  0.011200	
  0.015800	  0.413700	  0.035500	  0.535000	

MOTIF Gcr1_murphy Gcr1_murphy

letter-probability matrix: alength= 4 w= 12 nsites= 20 E= 0
  0.278100	  0.090000	  0.051800	  0.580100	
  0.753600	  0.026600	  0.060500	  0.159300	
  0.179400	  0.248800	  0.363900	  0.207900	
  0.493400	  0.057900	  0.041800	  0.406900	
  0.284900	  0.111200	  0.598000	  0.005900	
  0.013300	  0.010900	  0.968800	  0.007000	
  0.837900	  0.094200	  0.017900	  0.050000	
  0.661400	  0.092000	  0.014400	  0.232200	
  0.006000	  0.146800	  0.682200	  0.165000	
  0.023600	  0.815800	  0.024400	  0.136200	
  0.002200	  0.515500	  0.041700	  0.440600	
  0.117300	  0.383400	  0.451200	  0.048100	

MOTIF Gis1_badis Gis1_badis

letter-probability matrix: alength= 4 w= 7 nsites= 20 E= 0
  0.013200	  0.968300	  0.003800	  0.014700	
  0.006300	  0.978800	  0.012300	  0.002600	
  0.004300	  0.980200	  0.012200	  0.003300	
  0.012200	  0.944100	  0.003400	  0.040300	
  0.007300	  0.006500	  0.007500	  0.978700	
  0.912700	  0.012600	  0.032200	  0.042500	
  0.926000	  0.018900	  0.013100	  0.042000	

MOTIF Gln3_badis Gln3_badis

letter-probability matrix: alength= 4 w= 7 nsites= 20 E= 0
  0.008000	  0.863200	  0.115500	  0.013300	
  0.018200	  0.009900	  0.012400	  0.959500	
  0.042800	  0.001200	  0.008700	  0.947300	
  0.979900	  0.004700	  0.013600	  0.001800	
  0.005600	  0.003100	  0.003800	  0.987500	
  0.005800	  0.985000	  0.004500	  0.004700	
  0.613200	  0.010200	  0.119000	  0.257600	

MOTIF Gsm1_zhu Gsm1_zhu

letter-probability matrix: alength= 4 w= 10 nsites= 20 E= 0
  0.566100	  0.022500	  0.017600	  0.393800	
  0.849400	  0.009400	  0.020700	  0.120500	
  0.400400	  0.164600	  0.182700	  0.252300	
  0.003700	  0.916500	  0.010500	  0.069300	
  0.004800	  0.177800	  0.038900	  0.778500	
  0.003100	  0.985700	  0.001300	  0.009900	
  0.001000	  0.972500	  0.025500	  0.001000	
  0.000800	  0.030700	  0.967200	  0.001300	
  0.136500	  0.004200	  0.849400	  0.009900	
  0.708800	  0.060700	  0.197700	  0.032800	

MOTIF Gzf3_zhu Gzf3_zhu

letter-probability matrix: alength= 4 w= 9 nsites= 20 E= 0
  0.131900	  0.719100	  0.038200	  0.110800	
  0.038200	  0.267600	  0.003700	  0.690500	
  0.002300	  0.001200	  0.994000	  0.002500	
  0.993500	  0.001300	  0.002900	  0.002300	
  0.003000	  0.002700	  0.001600	  0.992700	
  0.980100	  0.001400	  0.000300	  0.018200	
  0.989800	  0.003100	  0.003800	  0.003300	
  0.009200	  0.055500	  0.932000	  0.003300	
  0.273000	  0.221600	  0.494700	  0.010700	

MOTIF Hac1_badis Hac1_badis

letter-probability matrix: alength= 4 w= 7 nsites= 20 E= 0
  0.238600	  0.056800	  0.556800	  0.147800	
  0.671800	  0.308200	  0.010000	  0.010000	
  0.010000	  0.970000	  0.010000	  0.010000	
  0.970000	  0.010000	  0.010000	  0.010000	
  0.010000	  0.970000	  0.010000	  0.010000	
  0.010000	  0.010000	  0.970000	  0.010000	
  0.010000	  0.010000	  0.010000	  0.970000	

MOTIF Hal9_zhu Hal9_zhu

letter-probability matrix: alength= 4 w= 18 nsites= 20 E= 0
  0.010400	  0.056600	  0.186600	  0.746400	
  0.043400	  0.906700	  0.038800	  0.011100	
  0.005300	  0.842000	  0.089500	  0.063200	
  0.007600	  0.034000	  0.895400	  0.063000	
  0.250000	  0.250000	  0.250000	  0.250000	
  0.250000	  0.250000	  0.250000	  0.250000	
  0.250000	  0.250000	  0.250000	  0.250000	
  0.250000	  0.250000	  0.250000	  0.250000	
  0.250000	  0.250000	  0.250000	  0.250000	
  0.250000	  0.250000	  0.250000	  0.250000	
  0.250000	  0.250000	  0.250000	  0.250000	
  0.250000	  0.250000	  0.250000	  0.250000	
  0.250000	  0.250000	  0.250000	  0.250000	
  0.126500	  0.309100	  0.433200	  0.131200	
  0.063100	  0.895400	  0.034000	  0.007500	
  0.063100	  0.089500	  0.842000	  0.005400	
  0.011100	  0.038800	  0.906700	  0.043400	
  0.746400	  0.186600	  0.056600	  0.010400	

MOTIF Hap1_murphy Hap1_murphy

letter-probability matrix: alength= 4 w= 13 nsites= 20 E= 0
  0.009500	  0.961600	  0.026000	  0.002900	
  0.007100	  0.985700	  0.006100	  0.001100	
  0.002500	  0.004900	  0.988000	  0.004600	
  0.664700	  0.027200	  0.266400	  0.041700	
  0.048300	  0.003400	  0.001800	  0.946500	
  0.966300	  0.003000	  0.013100	  0.017600	
  0.381200	  0.127800	  0.156800	  0.334200	
  0.251200	  0.375700	  0.044500	  0.328600	
  0.151900	  0.317800	  0.108300	  0.422000	
  0.001500	  0.971500	  0.024900	  0.002100	
  0.003000	  0.993000	  0.003100	  0.000900	
  0.007500	  0.003800	  0.984700	  0.004000	
  0.163200	  0.003900	  0.821900	  0.011000	

MOTIF Hcm1_badis Hcm1_badis

letter-probability matrix: alength= 4 w= 8 nsites= 20 E= 0
  0.191600	  0.013900	  0.789900	  0.004600	
  0.023100	  0.004200	  0.017600	  0.955100	
  0.875600	  0.115800	  0.002500	  0.006100	
  0.930000	  0.041200	  0.004300	  0.024500	
  0.973900	  0.004700	  0.009800	  0.011600	
  0.009000	  0.931100	  0.004000	  0.055900	
  0.966400	  0.015700	  0.011000	  0.006900	
  0.749200	  0.066500	  0.086700	  0.097600	

MOTIF Hmlalpha2_murphy Hmlalpha2_murphy

letter-probability matrix: alength= 4 w= 8 nsites= 20 E= 0
  0.605000	  0.016800	  0.004500	  0.373700	
  0.046000	  0.012000	  0.004900	  0.937100	
  0.035600	  0.002700	  0.003000	  0.958700	
  0.987400	  0.001100	  0.008900	  0.002600	
  0.006700	  0.987600	  0.000700	  0.005000	
  0.935800	  0.000700	  0.059000	  0.004500	
  0.023900	  0.634400	  0.001200	  0.340500	
  0.259400	  0.003200	  0.735000	  0.002400	

MOTIF Hmra2_badis Hmra2_badis

letter-probability matrix: alength= 4 w= 8 nsites= 20 E= 0
  0.888700	  0.011300	  0.008700	  0.091300	
  0.081600	  0.014200	  0.006000	  0.898200	
  0.051200	  0.002200	  0.003800	  0.942800	
  0.985700	  0.001600	  0.010300	  0.002400	
  0.002900	  0.989100	  0.001700	  0.006300	
  0.974900	  0.001400	  0.021100	  0.002600	
  0.031100	  0.264500	  0.002400	  0.702000	
  0.093900	  0.014600	  0.884400	  0.007100	

MOTIF Hsf1_badis Hsf1_badis

letter-probability matrix: alength= 4 w= 7 nsites= 20 E= 0
  0.687500	  0.125000	  0.125000	  0.062500	
  0.015600	  0.015600	  0.015600	  0.953200	
  0.177500	  0.010000	  0.802500	  0.010000	
  0.010000	  0.010000	  0.970000	  0.010000	
  0.970000	  0.010000	  0.010000	  0.010000	
  0.970000	  0.010000	  0.010000	  0.010000	
  0.062500	  0.562500	  0.187500	  0.187500	

MOTIF Leu3_zhu Leu3_zhu

letter-probability matrix: alength= 4 w= 9 nsites= 20 E= 0
  0.834400	  0.008700	  0.085800	  0.071100	
  0.041800	  0.926800	  0.015700	  0.015700	
  0.010500	  0.981100	  0.007400	  0.001000	
  0.004400	  0.004800	  0.988600	  0.002200	
  0.001400	  0.052100	  0.944300	  0.002200	
  0.241100	  0.652200	  0.049800	  0.056900	
  0.119000	  0.046900	  0.770400	  0.063700	
  0.503100	  0.055400	  0.091100	  0.350400	
  0.593600	  0.089500	  0.083800	  0.233100	

MOTIF Lys14_zhu Lys14_zhu

letter-probability matrix: alength= 4 w= 9 nsites= 20 E= 0
  0.784600	  0.010900	  0.049800	  0.154700	
  0.948500	  0.001100	  0.011100	  0.039300	
  0.939600	  0.000700	  0.001700	  0.058000	
  0.006400	  0.001600	  0.001100	  0.990900	
  0.001200	  0.046500	  0.001000	  0.951300	
  0.001700	  0.987800	  0.009500	  0.001000	
  0.002500	  0.993500	  0.001800	  0.002200	
  0.004600	  0.005900	  0.985000	  0.004500	
  0.017400	  0.181500	  0.414300	  0.386800	

MOTIF Matalpha2_zhu Matalpha2_zhu

letter-probability matrix: alength= 4 w= 8 nsites= 20 E= 0
  0.842700	  0.044600	  0.075800	  0.036900	
  0.992300	  0.001400	  0.001900	  0.004400	
  0.002400	  0.978300	  0.002100	  0.017200	
  0.992600	  0.002000	  0.002000	  0.003400	
  0.992700	  0.001500	  0.002100	  0.003700	
  0.012000	  0.001200	  0.002500	  0.984300	
  0.752100	  0.013600	  0.096200	  0.138100	
  0.077300	  0.065900	  0.816700	  0.040100	

MOTIF Mbp1_zhu Mbp1_zhu

letter-probability matrix: alength= 4 w= 9 nsites= 20 E= 0
  0.229700	  0.066100	  0.537100	  0.167100	
  0.937900	  0.001900	  0.014400	  0.045800	
  0.000800	  0.989600	  0.004100	  0.005500	
  0.045500	  0.001000	  0.952800	  0.000700	
  0.000700	  0.935500	  0.000900	  0.062900	
  0.002200	  0.012500	  0.984600	  0.000700	
  0.030400	  0.008000	  0.001600	  0.960000	
  0.072500	  0.663000	  0.217900	  0.046600	
  0.719600	  0.019500	  0.205800	  0.055100	

MOTIF Mcm1_zhu Mcm1_zhu

letter-probability matrix: alength= 4 w= 13 nsites= 20 E= 0
  0.089400	  0.084600	  0.162000	  0.664000	
  0.170400	  0.033700	  0.129300	  0.666600	
  0.130100	  0.808200	  0.009400	  0.052300	
  0.011100	  0.812600	  0.007200	  0.169100	
  0.121700	  0.405400	  0.243100	  0.229800	
  0.601900	  0.076300	  0.171100	  0.150700	
  0.663100	  0.007100	  0.035700	  0.294100	
  0.294100	  0.035700	  0.007100	  0.663100	
  0.150800	  0.171100	  0.076300	  0.601800	
  0.170000	  0.443200	  0.270400	  0.116400	
  0.169100	  0.007200	  0.812600	  0.011100	
  0.052300	  0.009400	  0.808200	  0.130100	
  0.721900	  0.093300	  0.103200	  0.081600	

MOTIF Met31_badis Met31_badis

letter-probability matrix: alength= 4 w= 10 nsites= 20 E= 0
  0.119300	  0.015800	  0.840100	  0.024800	
  0.067800	  0.435600	  0.402200	  0.094400	
  0.013700	  0.063300	  0.176200	  0.746800	
  0.007100	  0.001200	  0.989500	  0.002200	
  0.003500	  0.007900	  0.003800	  0.984800	
  0.001600	  0.001900	  0.990600	  0.005900	
  0.002200	  0.002400	  0.990500	  0.004900	
  0.001100	  0.988100	  0.004500	  0.006300	
  0.014000	  0.001400	  0.970000	  0.014600	
  0.012100	  0.633500	  0.313600	  0.040800	

MOTIF Met32_badis Met32_badis

letter-probability matrix: alength= 4 w= 6 nsites= 20 E= 0
  0.107700	  0.051500	  0.771900	  0.068900	
  0.010000	  0.970000	  0.010000	  0.010000	
  0.010000	  0.970000	  0.010000	  0.010000	
  0.927700	  0.031100	  0.010000	  0.031200	
  0.010000	  0.970000	  0.010000	  0.010000	
  0.635700	  0.151000	  0.119000	  0.094300	

MOTIF Mga1_zhu Mga1_zhu

letter-probability matrix: alength= 4 w= 7 nsites= 20 E= 0
  0.701900	  0.197200	  0.098300	  0.002600	
  0.006000	  0.002200	  0.989300	  0.002500	
  0.990900	  0.002200	  0.003900	  0.003000	
  0.990200	  0.002100	  0.002000	  0.005700	
  0.012100	  0.815500	  0.015800	  0.156600	
  0.844500	  0.039900	  0.082700	  0.032900	
  0.068500	  0.505900	  0.070500	  0.355100	

MOTIF Mig1_zhu Mig1_zhu

letter-probability matrix: alength= 4 w= 11 nsites= 20 E= 0
  0.710400	  0.066500	  0.141400	  0.081700	
  0.766400	  0.042300	  0.129500	  0.061800	
  0.070700	  0.132200	  0.058400	  0.738700	
  0.006200	  0.042000	  0.947700	  0.004100	
  0.004400	  0.779200	  0.003500	  0.212900	
  0.001500	  0.004500	  0.989900	  0.004100	
  0.002800	  0.002800	  0.992700	  0.001700	
  0.052200	  0.001200	  0.945900	  0.000700	
  0.006900	  0.001400	  0.988400	  0.003300	
  0.080800	  0.014800	  0.605500	  0.298900	
  0.459100	  0.037500	  0.447600	  0.055800	

MOTIF Mig2_zhu Mig2_zhu

letter-probability matrix: alength= 4 w= 11 nsites= 20 E= 0
  0.151100	  0.066000	  0.068600	  0.714300	
  0.719000	  0.063400	  0.179000	  0.038600	
  0.007400	  0.988900	  0.000500	  0.003200	
  0.000400	  0.957200	  0.000800	  0.041600	
  0.001800	  0.993300	  0.003500	  0.001400	
  0.001300	  0.992000	  0.005200	  0.001500	
  0.237400	  0.001900	  0.759800	  0.000900	
  0.000500	  0.953700	  0.044200	  0.001600	
  0.891900	  0.013000	  0.086400	  0.008700	
  0.403800	  0.160600	  0.045900	  0.389700	
  0.207100	  0.067500	  0.022200	  0.703200	

MOTIF Mig3_zhu Mig3_zhu

letter-probability matrix: alength= 4 w= 11 nsites= 20 E= 0
  0.215200	  0.109400	  0.059800	  0.615600	
  0.753200	  0.099900	  0.106300	  0.040600	
  0.006700	  0.989000	  0.001000	  0.003300	
  0.000700	  0.971800	  0.001300	  0.026200	
  0.001100	  0.993100	  0.003000	  0.002800	
  0.001300	  0.990300	  0.007000	  0.001400	
  0.214100	  0.002900	  0.781700	  0.001300	
  0.002200	  0.930800	  0.066200	  0.000800	
  0.835400	  0.019400	  0.133100	  0.012100	
  0.325100	  0.105900	  0.058900	  0.510100	
  0.251000	  0.097800	  0.024100	  0.627100	

MOTIF Mot3_murphy Mot3_murphy

letter-probability matrix: alength= 4 w= 9 nsites= 20 E= 0
  0.400200	  0.014800	  0.498600	  0.086400	
  0.259400	  0.506100	  0.003300	  0.231200	
  0.991700	  0.001500	  0.005300	  0.001500	
  0.003200	  0.001700	  0.992600	  0.002500	
  0.002500	  0.000500	  0.982600	  0.014400	
  0.025000	  0.964900	  0.000200	  0.009900	
  0.989500	  0.000700	  0.004200	  0.005600	
  0.242000	  0.754900	  0.000700	  0.002400	
  0.148200	  0.256100	  0.566100	  0.029600	

MOTIF Msn1_murphy Msn1_murphy

letter-probability matrix: alength= 4 w= 11 nsites= 20 E= 0
  0.804700	  0.016300	  0.044800	  0.134200	
  0.054500	  0.010700	  0.003100	  0.931700	
  0.160600	  0.002300	  0.006700	  0.830400	
  0.007100	  0.008400	  0.001900	  0.982600	
  0.006600	  0.001500	  0.986800	  0.005100	
  0.004400	  0.002400	  0.004100	  0.989100	
  0.030100	  0.965800	  0.001300	  0.002800	
  0.009600	  0.950800	  0.005400	  0.034200	
  0.091600	  0.198500	  0.017200	  0.692700	
  0.213700	  0.174000	  0.033600	  0.578700	
  0.509600	  0.147100	  0.271500	  0.071800	

MOTIF Msn2_badis Msn2_badis

letter-probability matrix: alength= 4 w= 5 nsites= 20 E= 0
  0.599900	  0.069800	  0.320400	  0.009900	
  0.010000	  0.010000	  0.970000	  0.010000	
  0.010000	  0.010000	  0.970000	  0.010000	
  0.010000	  0.010000	  0.970000	  0.010000	
  0.010000	  0.010000	  0.970000	  0.010000	

MOTIF Msn4_badis Msn4_badis

letter-probability matrix: alength= 4 w= 5 nsites= 20 E= 0
  0.823300	  0.010000	  0.156700	  0.010000	
  0.010000	  0.010000	  0.970000	  0.010000	
  0.010000	  0.010000	  0.970000	  0.010000	
  0.010000	  0.010000	  0.970000	  0.010000	
  0.010000	  0.010000	  0.970000	  0.010000	

MOTIF Ndt80_zhu Ndt80_zhu

letter-probability matrix: alength= 4 w= 9 nsites= 20 E= 0
  0.188000	  0.020200	  0.675700	  0.116100	
  0.444200	  0.483700	  0.042000	  0.030100	
  0.012200	  0.949000	  0.004500	  0.034300	
  0.940400	  0.007800	  0.045300	  0.006500	
  0.018400	  0.967700	  0.007000	  0.006900	
  0.965500	  0.004100	  0.009600	  0.020800	
  0.970300	  0.005000	  0.015900	  0.008800	
  0.945300	  0.003500	  0.014200	  0.037000	
  0.713900	  0.024900	  0.236700	  0.024500	

MOTIF Nhp10_badis Nhp10_badis

letter-probability matrix: alength= 4 w= 8 nsites= 20 E= 0
  0.200000	  0.100000	  0.600000	  0.100000	
  0.075000	  0.775000	  0.075000	  0.075000	
  0.010000	  0.970000	  0.010000	  0.010000	
  0.010000	  0.010000	  0.970000	  0.010000	
  0.010000	  0.010000	  0.970000	  0.010000	
  0.010000	  0.010000	  0.970000	  0.010000	
  0.010000	  0.010000	  0.970000	  0.010000	
  0.675000	  0.075000	  0.175000	  0.075000	

MOTIF Nhp6a_zhu Nhp6a_zhu

letter-probability matrix: alength= 4 w= 7 nsites= 20 E= 0
  0.114100	  0.024100	  0.006500	  0.855300	
  0.903900	  0.010700	  0.026700	  0.058700	
  0.126600	  0.029700	  0.008400	  0.835300	
  0.847500	  0.016300	  0.043900	  0.092300	
  0.057100	  0.042800	  0.028600	  0.871500	
  0.746100	  0.016800	  0.020800	  0.216300	
  0.650000	  0.030100	  0.153300	  0.166600	

MOTIF Nhp6b_zhu Nhp6b_zhu

letter-probability matrix: alength= 4 w= 8 nsites= 20 E= 0
  0.393800	  0.069900	  0.026200	  0.510100	
  0.578500	  0.089900	  0.052000	  0.279600	
  0.169100	  0.065700	  0.016100	  0.749100	
  0.807800	  0.032800	  0.067100	  0.092300	
  0.092300	  0.067100	  0.032800	  0.807800	
  0.749100	  0.016100	  0.065700	  0.169100	
  0.279600	  0.052000	  0.089900	  0.578500	
  0.510100	  0.026200	  0.069900	  0.393800	

MOTIF Nrg1_zhu Nrg1_zhu

letter-probability matrix: alength= 4 w= 9 nsites= 20 E= 0
  0.455900	  0.488400	  0.009100	  0.046600	
  0.960200	  0.003300	  0.036100	  0.000400	
  0.002500	  0.001600	  0.991700	  0.004200	
  0.002500	  0.001600	  0.993100	  0.002800	
  0.011600	  0.000700	  0.986000	  0.001700	
  0.071100	  0.011500	  0.002100	  0.915300	
  0.004900	  0.928700	  0.002500	  0.063900	
  0.003600	  0.820200	  0.003200	  0.173000	
  0.504000	  0.087800	  0.039200	  0.369000	

MOTIF Nrg2_murphy Nrg2_murphy

letter-probability matrix: alength= 4 w= 8 nsites= 20 E= 0
  0.479300	  0.444700	  0.034400	  0.041600	
  0.931600	  0.019500	  0.037800	  0.011100	
  0.030700	  0.003500	  0.946300	  0.019500	
  0.012900	  0.010800	  0.959000	  0.017300	
  0.019400	  0.007800	  0.960900	  0.011900	
  0.093200	  0.039900	  0.015900	  0.851000	
  0.034700	  0.908100	  0.024000	  0.033200	
  0.010500	  0.900800	  0.023100	  0.065600	

MOTIF Oaf1_badis Oaf1_badis

letter-probability matrix: alength= 4 w= 8 nsites= 20 E= 0
  0.010000	  0.970000	  0.010000	  0.010000	
  0.010000	  0.010000	  0.970000	  0.010000	
  0.010000	  0.010000	  0.970000	  0.010000	
  0.561400	  0.010000	  0.418600	  0.010000	
  0.068100	  0.010000	  0.853800	  0.068100	
  0.678600	  0.035700	  0.035700	  0.250000	
  0.142900	  0.071400	  0.071400	  0.714300	
  0.571400	  0.142900	  0.142900	  0.142800	

MOTIF Pbf1_zhu Pbf1_zhu

letter-probability matrix: alength= 4 w= 10 nsites= 20 E= 0
  0.649200	  0.050800	  0.096500	  0.203500	
  0.067900	  0.396800	  0.436300	  0.099000	
  0.020700	  0.784200	  0.193400	  0.001700	
  0.002200	  0.029800	  0.046300	  0.921700	
  0.002200	  0.991700	  0.002400	  0.003700	
  0.975900	  0.000700	  0.001800	  0.021600	
  0.001600	  0.001100	  0.018600	  0.978700	
  0.000900	  0.978900	  0.001600	  0.018600	
  0.052500	  0.020000	  0.869900	  0.057600	
  0.135700	  0.655500	  0.186400	  0.022400	

MOTIF Pbf2_zhu Pbf2_zhu

letter-probability matrix: alength= 4 w= 10 nsites= 20 E= 0
  0.516400	  0.059700	  0.138400	  0.285500	
  0.079700	  0.420600	  0.392400	  0.107300	
  0.029000	  0.770100	  0.197700	  0.003200	
  0.006000	  0.052300	  0.083400	  0.858300	
  0.001300	  0.990700	  0.005000	  0.003000	
  0.972500	  0.000600	  0.001400	  0.025500	
  0.001700	  0.000900	  0.027800	  0.969600	
  0.000900	  0.968800	  0.001300	  0.029000	
  0.036200	  0.009300	  0.876200	  0.078300	
  0.223800	  0.575800	  0.177600	  0.022800	

MOTIF Pdr1_badis Pdr1_badis

letter-probability matrix: alength= 4 w= 7 nsites= 20 E= 0
  0.010000	  0.970000	  0.010000	  0.010000	
  0.010000	  0.970000	  0.010000	  0.010000	
  0.123300	  0.010000	  0.856700	  0.010000	
  0.016700	  0.883300	  0.083300	  0.016700	
  0.083300	  0.016700	  0.883300	  0.016700	
  0.100000	  0.033300	  0.833300	  0.033400	
  0.616700	  0.083300	  0.216700	  0.083300	

MOTIF Pdr3_murphy Pdr3_murphy

letter-probability matrix: alength= 4 w= 10 nsites= 20 E= 0
  0.488100	  0.095100	  0.019500	  0.397300	
  0.005900	  0.068100	  0.012700	  0.913300	
  0.001800	  0.987000	  0.007200	  0.004000	
  0.004800	  0.986500	  0.006900	  0.001800	
  0.025800	  0.002800	  0.970300	  0.001100	
  0.001000	  0.970300	  0.002800	  0.025900	
  0.001700	  0.006900	  0.986500	  0.004900	
  0.004000	  0.007200	  0.987000	  0.001800	
  0.913200	  0.012700	  0.068100	  0.006000	
  0.821400	  0.024400	  0.113300	  0.040900	

MOTIF Pdr8_badis Pdr8_badis

letter-probability matrix: alength= 4 w= 7 nsites= 20 E= 0
  0.010000	  0.970000	  0.010000	  0.010000	
  0.010000	  0.010000	  0.970000	  0.010000	
  0.010000	  0.010000	  0.970000	  0.010000	
  0.970000	  0.010000	  0.010000	  0.010000	
  0.073600	  0.073600	  0.842800	  0.010000	
  0.970000	  0.010000	  0.010000	  0.010000	
  0.134600	  0.057700	  0.057700	  0.750000	

MOTIF Phd1_zhu Phd1_zhu

letter-probability matrix: alength= 4 w= 9 nsites= 20 E= 0
  0.041100	  0.686200	  0.191200	  0.081500	
  0.605500	  0.215100	  0.099100	  0.080300	
  0.004400	  0.035600	  0.002800	  0.957200	
  0.014700	  0.005600	  0.975800	  0.003900	
  0.005000	  0.971300	  0.002300	  0.021400	
  0.966300	  0.003600	  0.021600	  0.008500	
  0.014200	  0.026500	  0.204000	  0.755300	
  0.297000	  0.524500	  0.115700	  0.062800	
  0.624000	  0.083300	  0.098100	  0.194600	

MOTIF Pho2_badis Pho2_badis

letter-probability matrix: alength= 4 w= 8 nsites= 20 E= 0
  0.015700	  0.058300	  0.009000	  0.917000	
  0.915200	  0.027200	  0.006000	  0.051600	
  0.960100	  0.030800	  0.005000	  0.004100	
  0.296600	  0.007400	  0.002900	  0.693100	
  0.278700	  0.052400	  0.003500	  0.665400	
  0.294700	  0.011200	  0.048000	  0.646100	
  0.843300	  0.062300	  0.089900	  0.004500	
  0.568000	  0.181000	  0.133800	  0.117200	

MOTIF Pho4_zhu Pho4_zhu

letter-probability matrix: alength= 4 w= 8 nsites= 20 E= 0
  0.094400	  0.393500	  0.507300	  0.004800	
  0.097100	  0.900600	  0.000500	  0.001800	
  0.967600	  0.001200	  0.028200	  0.003000	
  0.000300	  0.912000	  0.001800	  0.085900	
  0.085900	  0.001800	  0.912000	  0.000300	
  0.002900	  0.028200	  0.001200	  0.967700	
  0.001800	  0.000500	  0.900600	  0.097100	
  0.004800	  0.507300	  0.393500	  0.094400	

MOTIF Put3_badis Put3_badis

letter-probability matrix: alength= 4 w= 6 nsites= 20 E= 0
  0.093800	  0.718800	  0.093800	  0.093600	
  0.020800	  0.895800	  0.020800	  0.062600	
  0.010000	  0.970000	  0.010000	  0.010000	
  0.010000	  0.010000	  0.970000	  0.010000	
  0.010000	  0.010000	  0.970000	  0.010000	
  0.010000	  0.010000	  0.970000	  0.010000	

MOTIF Rap1_zhu Rap1_zhu

letter-probability matrix: alength= 4 w= 10 nsites= 20 E= 0
  0.030500	  0.041100	  0.658800	  0.269600	
  0.009900	  0.010700	  0.964400	  0.015000	
  0.068400	  0.008100	  0.913700	  0.009800	
  0.008100	  0.018000	  0.070000	  0.903900	
  0.015800	  0.008300	  0.949900	  0.026000	
  0.008100	  0.215200	  0.017300	  0.759400	
  0.872800	  0.037700	  0.033600	  0.055900	
  0.071500	  0.809200	  0.046200	  0.073100	
  0.152300	  0.121400	  0.630800	  0.095500	
  0.162500	  0.085900	  0.684600	  0.067000	

MOTIF Rap1_motif1 Rap1_motif1

letter-probability matrix: alength= 4 w= 13 nsites= 20 E= 0
  0.182927	0.000000	0.768293	0.048780
  0.414634	0.012195	0.560976	0.012195
  0.012195	0.000000	0.073171	0.914634
  0.000000	0.000000	1.000000	0.000000
  0.024390	0.414634	0.012195	0.548780
  0.975610	0.012195	0.000000	0.012195
  0.085366	0.597561	0.024390	0.292683
  0.060976	0.024390	0.829268	0.085366
  0.000000	0.036585	0.951220	0.012195
  0.329268	0.048780	0.548780	0.073171
  0.048780	0.134146	0.073171	0.743902
  0.024390	0.048780	0.682927	0.243902
  0.109756	0.341463	0.134146	0.414634

MOTIF Rap1_motif2 Rap1_motif2

letter-probability matrix: alength= 4 w= 12 nsites= 20 E= 0
  0.240741	0.685185	0.018519	0.055556
  0.870370	0.092593	0.037037	0.000000
  0.055556	0.703704	0.074074	0.166667
  0.037037	0.944444	0.018519	0.000000
  0.018519	0.907407	0.000000	0.074074
  0.648148	0.074074	0.259259	0.018519
  0.166667	0.685185	0.148148	0.000000
  0.833333	0.037037	0.111111	0.018519
  0.018519	0.981481	0.000000	0.000000
  0.962963	0.037037	0.000000	0.000000
  0.037037	0.518519	0.000000	0.444444
  0.055556	0.703704	0.018519	0.222222

MOTIF Rap1_telomeric Rap1_telomeric

letter-probability matrix: alength= 4 w= 20 nsites= 20 E= 0
  0.121212	0.000000	0.606061	0.272727
  0.000000	0.000000	0.484848	0.515152
  0.090909	0.000000	0.636364	0.272727
  0.000000	0.000000	0.969697	0.030303
  0.000000	0.000000	0.090909	0.909091
  0.000000	0.000000	1.000000	0.000000
  0.000000	0.000000	0.030303	0.969697
  0.000000	0.000000	0.909091	0.090909
  0.060606	0.000000	0.000000	0.939394
  0.000000	0.000000	1.000000	0.000000
  0.000000	0.000000	0.969697	0.030303
  0.000000	0.000000	0.969697	0.030303
  0.030303	0.000000	0.030303	0.939394
  0.000000	0.000000	0.939394	0.060606
  0.030303	0.000000	0.030303	0.939394
  0.000000	0.000000	0.969697	0.030303
  0.000000	0.000000	0.848485	0.151515
  0.030303	0.000000	0.484848	0.484848
